#!/bin/bash
# run this script with an number in the range [0,31]
# to get the corresponding shape of the piece

box0=(4 30)
box1=(4 30 4 32)
box2=(4 30 5 32)
box3=(4 28 4 30 4 32)
box4=(4 28 4 30 5 30)
box5=(4 28 5 30 6 32)
box6=(4 30 5 28 5 32)
box7=(4 28 5 30 6 32 7 34)
box8=(4 30 5 28 5 30 5 32)
box9=(4 30 5 28 5 32 6 30)
box10=(4 28 4 30 4 32 4 34)
box11=(4 28 5 28 5 30 5 32)
box12=(4 28 4 30 5 30 5 32)
box13=(4 28 4 30 5 28 5 30)
box14=(4 28 4 34 5 30 5 32)
box15=(4 26 4 28 4 30 4 32 4 34)
box16=(4 30 5 28 5 30 5 32 6 30)
box17=(4 28 4 32 5 30 6 28 6 32)
box18=(4 28 4 32 5 28 5 30 5 32)
box19=(4 28 4 30 5 30 6 30 6 32)
box20=(4 28 5 28 6 28 6 30 6 32)
box21=(4 28 4 30 5 30 5 32 6 32)
box22=(4 26 4 34 5 28 5 30 5 32)
box23=(4 26 4 34 5 28 5 32 6 30)
box24=(4 26 5 28 6 30 7 32 8 34)
box25=(4 28 4 32 5 26 5 30 5 34)
box26=(4 28 4 34 5 30 5 32 6 30 6 32 7 28 7 34)
box27=(4 30 5 28 5 32 6 26 6 30 6 34 7 28 7 32 8 30)
box28=(4 30 5 28 5 30 5 32 6 26 6 28 6 30 6 32 6 34 7 28 7 30 7 32 8 30)
box29=(4 30 5 30 6 28 6 30 6 32 7 26 7 30 7 34 8 30 9 30 10 30 11 30 12 30)
box30=(4 26 4 28 4 30 4 34 5 30 5 34 6 26 6 28 6 30 6 32 6 34 7 26 7 30 8 26 8 30 8 32 8 34)
box31=(4 30 5 28 6 26 6 34 7 28 7 32 7 36 8 22 8 30 8 38 9 24 9 28 9 32 10 26 10 34 11 32 12 30)

clear
unit=[]

view.piece.shape()
{
   locus=(${!1})
   len=${#locus[@]}
   for  ((i=0; i!=len; i+=2)); do
          cur_shadow+="\e[${locus[i]};${locus[i+1]}H${unit}"
   done
   (( len )) && printf "\e[1;33;40m${cur_shadow}\e[0m\e[26;26H\e[0m\n"
}

view.piece.shape box${1:-29}[@]
